function colors = Color_FrenchDisp_modify
%Color_FrenchDisp 
% color palettes from french dispatch
colors{1} = [218,161,143]/255;
colors{2} = [125,191,194]/255;
colors{3} = [77,83,75]/255;
% colors{3} = [199,75,180]/255;
colors{4} = [0.233 0.443 0.337];
% colors{5} = [183,176,165]/255;
colors{5} = [0.235 0.425 0.626];
colors{6} = [234,167,94]/255;
colors{7} = [212,43,26]/255;
colors{8} = [198,125,210]/255;
colors{9} = [161,130,115]/255;
colors{10} = [117,120,133]/255;

end

